4.235417763788941
4.199647706169981
4.044359549257438
4.095940086309505
4.245153060342904
4.212774606933465
4.29209520435676
4.245333598067785
4.460253146272829
4.3008476344355335
4.353287413533124
4.494044583953865
4.273715884846859
4.541601954981221
4.288731356374741
4.314395628538089
4.520599579598187
4.477398156778845
4.491016982541673
4.723383914770783
4.431913873291654
4.554880141669327
4.531363842187614
4.654107627916098
4.536530647433798
4.481314865305409
4.748849622856002
4.573978316073721
4.715587183831824
4.746086144280567
4.826008669369543
4.733176505145639
4.803957429458241
4.828480317884058
4.911908908466769
4.708254136428158
4.712204392174422
4.770392517238179
4.7630229243005955
4.811951257442337
4.913371975084581
4.871075879910532
5.059464965486771
5.135885560756286
4.967601855879224
4.890422769344789
4.894847687766566
5.153882605547501
4.966383706213897
5.087016813605864
5.079890703061558
4.859294344749898
5.102313651125518
5.129346590604509
5.218334397723418
5.160621543257457
5.187337915662077
5.33897728953339
5.069421197891508
5.262988820034987
5.276822396906512
5.104165463762886
5.4339616962862385
5.420642978287705
5.266561944747752
5.4547678751311
5.546170101657719
5.3605594740667355
5.304014964241811
5.513021956899423
5.578533706197757
5.535130350335551
5.290879328629792
5.383104050857071
5.547021125632819
5.51646139500908
5.589680462097801
5.68330745296729
5.627963849917748
5.53302737947993
5.740266280929303
5.674679642289708
5.811937215197365
5.736335453646788
5.495704056444792
5.70542868248089
5.513229927221005
5.711043942272912
5.885346539832444
5.575927138884512
5.939586793807133
5.850715019824253
5.969461574885521
5.966936908567956
5.769915442984779
5.875077454116684
5.922535109995061
5.947493056499655
5.979245282063398
5.972699601418116
5.920902091169188
6.287960655190574
6.231768950568618
6.190544678662473
6.1782173152833595
6.066167039645191
6.100532921897554
6.266422072006043
6.43083325573244
6.120538784060906
6.268675521722525
6.218956307377879
6.191742863138963
6.150195434318553
6.333793016972539
6.1208309589872325
6.37002751667163
6.451444505606636
6.32410290987974
6.404172587221352
6.3109045305812215
6.306994573158162
6.255215985552837
6.433356450790123
6.489333485901204
6.429001740224533
6.446938372021171
6.334495269180759
6.589898438517385
6.547100481376599
6.459580668985234
6.6779327415358924
6.547913177377772
6.513925332067539
6.412616293423993
6.486726222442666
6.703184983675156
6.62641604682993
6.675052612321045
6.866185134627022
6.969430731545462
6.828886740788138
6.789896829052541
6.694298619515249
6.694406329344406
6.8479612861073536
6.630198589362963
6.801387850876625
6.835774170526857
6.84598103928048
7.007048767768437
6.9440556698305915
7.085779344432118
7.103850661859202
7.055737811276727
6.997313810631643
7.076078918694842
6.971071722942696
6.911915029988157
7.023922835285998
7.196451661003379
7.081811939622268
7.170378905356828
7.004272951948057
7.098154765660111
7.2597293220717045
7.244941424879676
7.172639436181287
7.471160871455757
7.26615817660835
7.34469254457627
7.283952447525585
7.510554587571557
7.196297362846395
7.247425260471925
7.281671438361867
7.416275187845445
7.526382015039714
7.522550955264432
7.711588498239134
7.309963742882173
7.5016636670709165
7.263331208412675
7.59128815624301
7.457316784804907
7.396561029315473
7.500868330648115
7.746234354539531
7.658666346823445
7.636706941427078
7.55888742679687
7.8230106461793945
7.721058362223346
7.747467870848423
7.40214289457016
7.6727026730182155
7.9559588257388265
7.987039485589933
7.770576439767524
7.902715698197725
7.994041274461494
8.025789166286447
7.898372859042768
7.824431926367442
8.089989398756483
8.002162785825167
8.146219984075321
8.049028288600224
8.150892588492873
8.1355705456089
8.205618768055853
8.277499071846954
8.24619081423855
8.251361929373756
8.280066667003855
8.255241287860974
8.112848884292896
8.130322526099988
8.416562793353656
8.390636380942633
8.297580724534875
8.409756601545885
8.408524958546046
8.481990456410719
8.384958891207168
8.50587134269601
8.564747267477081
8.636083297144479
8.56233856302039
8.54127545309263
8.705256839576625
8.595518628814157
8.79455073428651
8.80887800471545
8.764762353833143
9.045651868019059
8.970786585267824
8.780619572593183
8.816378775084953
8.927804662466707
9.016400154518003
8.972733698407822
8.885733400092562
9.01202848052557
8.920971463029
9.036827976157893
9.133951760212028
9.12567981086816
9.158769421664044
9.366218587846022
9.27490156990637
9.334329268195654
9.276553635141259
9.454588192901605
9.324224047544327
9.425940894926287
9.338048955314175
9.521840870752046
9.593745712439993
9.339966835083846
9.67531791546415
9.731374661855831
9.62770445968933
9.657832404476089
9.690355312126218
9.612953845392243
9.713242185947335
9.756597822215813
9.874362914213979
9.99550800187935
9.922925148089877
10.032497261341353
10.079773792075157
10.059097041449835
10.18161307720752
10.112340609692895
9.994440042324392
10.040596868095431
10.053279874459202
10.066888027197265
10.069329601361579
10.437016395933256
10.31540698407036
10.540512751884947
10.488330677352256
10.34973326232158
10.48296408125378
10.510995216743323
10.543555549172382
10.423223628445173
10.445211594956417
10.537546388129309
10.744238777110409
10.498782922142633
10.732796672625373
10.873998171870438
10.864276011948158
11.047891212272505
10.76704448588425
10.873595068306171
11.036825671254578
10.943150148686174
10.776069449535475
10.902939321556245
10.982771931392806
11.098391067268977
11.230749208472801
11.033448478869921
11.134979914506351
11.230933368992764
11.331921889722599
11.425308085244083
11.53681422397544
11.397756496485792
11.497944315076719
11.504050048888676
11.422850947408145
11.540689528006366
11.756491932877772
11.456443172191543
11.695153837491505
11.834551748680761
11.653287651761774
11.893617081046477
11.850426706818617
11.761169143946155
11.704078067499532
12.131331650809278
12.031187121617611
11.853503811229514
11.860197562482899
11.856996057050718
12.253516409366526
12.050002929443442
11.92927903357149
12.266380744574551
12.1813720166367
12.230285678310265
12.169491129843486
12.385768532668669
12.545177136454662
12.30725646313046
12.479986586615214
12.31246975986598
12.599224288878952
12.516596068906605
12.476466954095551
12.644777284032829
12.701298070418048
12.642515303300597
12.731847431984193
12.644337013896997
12.759368234446338
12.78688910149081
12.803206644078179
12.855529469765223
12.89529189636765
12.900621049307999
13.095307202652323
13.08366722907623
13.141630634334007
12.9416594297468
13.157873583121454
13.108231220288484
13.135496327097773
13.200526011079377
13.166752747233568
13.151785528526958
13.531245834040835
13.35232331337471
13.55201013586715
13.341340829931157
13.301112788672889
13.438016127930803
13.375777906766565
13.448314219761755
13.49682582013873
13.519111818769916
13.454577024700418
13.580237073899129
13.54668176760989
13.558308904435634
13.719259627329903
13.703461544179525
13.63762103406416
13.675579168674368
13.373088032563537
13.6651566064231
13.727158194935653
13.68552004501975
13.651624598277907
13.622649757847896
13.724657236626927
13.631924731618128
13.762039065998318
13.655188289567956
13.932176627553964
13.724885002573934
13.856654613715223
13.682023452914715
13.909502863931785
13.853334962567294
13.75563445249233
13.761296605785322
13.691327630131749
13.756306135464762
13.637521642642294
13.774680908975206
13.681674230347925
13.55534950445523
13.605180799862849
13.45564724470126
13.577031530479863
13.520592300580283
13.59073861259231
13.333131713142402
13.335663287968268
13.392836615507107
13.611676452197226
13.474133903005091
13.364355784005184
13.217471599845688
13.243542293153016
13.465157375134487
13.05056968850833
13.275353854812568
13.124757583602616
13.31610717219261
13.267954569300858
13.081338262585087
13.28954179857733
13.25568519411428
13.118435522066806
13.02104256227097
13.044583591125335
13.27184138188266
12.92444483818896
12.794493067508565
13.118229128246703
12.952555112939026
12.971991101382205
12.875660938962925
12.96260815368581
12.878643575592521
12.741953613105359
12.855777388301961
12.855330625134751
12.999691334723632
12.84644359071475
12.788361782162431
12.560257671841176
12.792024587956316
12.6451482301734
12.651831940691974
12.695298260649107
12.822002949690432
12.58421854847475
12.455191950535152
12.612129564080405
12.719852179991241
12.479814658958098
12.43392139482495
12.513911229298365
12.34712643698338
12.376566242523456
12.263660823160954
12.454458229652792
12.42028696059883
12.267942033118567
12.257695002640924
12.087285023975246
12.092431155174308
12.229035589914456
12.13402242102176
12.419363062666937
12.344138148038555
12.42825371261671
12.047943040778533
11.915031749384545
12.226740899194507
11.959426178265506
12.336811092135205
12.09048751474654
12.045361445646517
12.098071683396418
11.890395422456548
12.092395592814007
11.809639070020458
11.825472839886581
11.88626077937757
11.873477449009636
12.11327934462093
12.020392734810423
11.824078962464716
11.722506796260024
11.8036945677431
11.933594833921818
11.737273371590259
11.79871068020275
11.619496188675923
11.563240287406906
11.791212345720274
11.734001754888412
11.729970784151728
11.594609945577936
11.59019030251592
11.51075456138235
11.358166342762098
11.544800868552441
11.432263901436778
11.352675892025072
11.505463085209671
11.325683124739266
11.499547087436238
11.515234994320606
11.375087853259535
11.268364805539708
11.389921923596896
11.149376272958936
11.136416519791796
11.105597755509315
11.115970334796414
11.179225807037954
11.182295338822023
11.297607629238373
11.107644303939464
11.016475385176356
11.081910920775977
10.836140000209044
11.005531505350355
10.773748252136215
10.98439634050348
11.084862160439542
10.993651469210327
10.76497488047693
11.09622234137269
10.94191071011388
10.889565717396382
10.76397915376233
10.84658058482873
10.785662442547162
10.810841624882316
10.79141304879373
10.676758303179229
10.68222131196479
10.729729363102324
10.649747421150208
10.537220200562954
10.670492512271895
10.600468768792004
10.624358155573246
10.672895873090274
10.505618630793533
10.459060764708944
10.653727973725827
10.505897604291546
10.461099931312923
10.539075444646045
10.591459261699004
10.42426403449244
10.122713215110284
10.368979592621722
10.458737021393102
10.298789499252416
10.217823845617188
10.136304270434344
10.15391093732123
10.043027985959196
10.328453211069839
10.264078930936622
10.126637685658075
10.178909669396171
10.295213114020362
10.046424609456931
10.0936769140972
10.07867210684699
10.151197341915912
9.915866527122251
9.9219405577741
10.023065568487974
9.851790510857947
9.645331439878156
9.918013776196064
9.953370912458624
9.856462368441937
9.778855422130569
9.703819774090858
9.90528080938026
9.838996603550749
9.851008923778048
9.677582939001267
9.837914482713721
9.69819990057335
9.680656645218756
9.867855644486806
9.675002102620043
9.720658558107933
9.636798985481086
9.471862075476606
9.667989683060682
9.328245932435129
9.505744393557533
9.467222378795029
9.384979710286531
9.538168100848
9.489481566769177
9.46969029903269
9.28687072430347
9.399134682069448
9.278700034403737
9.359251529965999
9.359074595418916
9.424971013697432
9.105633466456249
9.072686074302382
9.287324410271026
9.36997233488691
9.05797109751003
9.346695815714073
9.283975481971714
9.025748134808586
9.0575274433154
8.95560649047618
9.095771353232305
9.166119760672846
8.772301779143024
8.91837523167925
9.011114249933938
8.912433065672152
8.685769139106656
8.8330785058322
8.97107470584493
8.937042040539604
8.892603930227816
8.741161875671017
8.611731209038838
8.71613637255476
8.75591281280347
8.59266642370058
8.741413859008865
8.511044379880865
8.692539748855964
8.613210167582142
8.760914386139746
8.484255303219017
8.507891643159965
8.462171300230835
8.574848165132487
8.391088597296587
8.367993733662503
8.387420462927071
8.460911841376884
8.547384696443178
8.360684536100708
8.43028006979177
8.373056208057925
8.415582357783524
8.555057514538639
8.30284449671363
8.240851899041624
8.24186055437925
8.088938442413344
8.101594446033605
8.167061344116048
8.124314974061683
8.078609023208383
8.38493569199111
8.123549341492788
8.221748703793873
8.052504975536504
8.071033520484079
8.12999189646952
8.02085943986783
8.014023452396843
7.938207723085055
8.06430605402453
7.969475111558603
7.94930321828681
7.798074919940164
7.929406551212642
7.97891335609573
7.977972487546516
7.731035301140798
7.692658144646281
7.679580874472677
7.655942648172387
7.660283640494638
7.553086081636763
7.934208339031019
7.709433490380456
7.653629956122733
7.609880130376286
7.500667450541216
7.739445078410578
7.672790359359768
7.629580500646321
7.490920489855729
7.496233047206251
7.719634034894773
7.514946190648228
7.582844429795533
7.468032406732649
7.638717334261058
7.464560761784012
7.306872990724024
7.405671902171484
7.379495130662074
7.615236062028044
7.178864493612464
7.229574332512709
7.067763910034782
7.253428396512421
7.250372480053281
7.139778892620009
7.301693436268494
7.1082608627713055
7.220269174379281
7.224279336326964
7.188145655957701
7.074260851225481
7.205828559721948
7.2128669000524805
7.004859257559093
7.082354380611586
7.211107391590878
7.109273526125558
7.301140775503769
7.286894961341743
7.071650586609788
7.111330994042654
7.1126644346120305
7.120333069577245
7.019370439348835
7.0097713388534375
7.034209420014666
6.971851037550785
7.072684959446622
6.945618635754593
7.1272984155342405
6.916381819415692
7.140439688515974
6.9778914984010525
7.0157768894931385
6.86641282351211
6.959610489896502
6.941853482670106
6.9177352267066485
6.985099591524031
6.944095842278328
7.167803637251388
6.926548507536731
6.806572354436069
6.925084749759352
6.94432075168206
7.008738092788036
6.929822936021842
6.96862669936873
6.745894276407869
6.962158650450614
6.846128140040354
6.749975527996374
6.942494114714714
6.839148722144831
6.985573448207935
6.94223103599295
6.9087019433075145
6.805126240136654
7.022058996314848
6.831444885500701
6.887919237337137
6.735422663342423
6.623894119863574
6.88135107646089
6.645915605547477
6.677996239315625
6.827204838148071
6.781290358614427
6.853019199139572
6.716847123509445
6.757797988799216
6.6804866414653725
6.6042237638235015
6.633296903121654
6.598750496252731
6.625663973408529
6.596882615521715
6.810527546810593
6.634963749033952
6.869328996484915
6.8454358428977935
6.767174262380063
6.65996285790518
6.666230010914823
6.549839839065992
6.640898829267432
6.742792225439741
6.7515906785355275
6.825314126176221
6.645391932060933
6.422519490771858
6.716044422898574
6.561997246581059
6.606786161496056
6.71620651738175
6.568982355355708
6.46068487674133
6.558520669333694
6.525065819405746
6.509258783128013
6.539183347369361
6.301224178761429
6.604464489831228
6.504556930375846
6.588480838406206
6.468076181654506
6.692750294510705
6.475364733800688
6.7550818665396495
6.444395214351469
6.629023266626673
6.540625383401515
6.503781690784177
6.5450956119683825
6.41459961681672
6.633034878537579
6.516177910639252
6.355484945008117
6.603157450145148
6.432910202996224
6.518182896384645
6.459233483694372
6.484609098870937
6.457853636206393
6.497423866343338
6.440171332779594
6.588028852070992
6.38492271284166
6.500744920384864
6.475349085333738
6.2141484404875795
6.24050623592369
6.318132258933644
6.37706721107606
6.2149388281620155
6.39462709272025
6.324055088798868
6.3210876409435075
6.237456478484046
6.3367273416213195
6.263825855193136
6.459873993180473
6.347934482936805
6.373831212200972
6.186565828992492
5.899864543702221
6.221894835478473
6.332718363353078
6.179919168884836
6.386505683402962
6.278509274357128
6.343503367439235
6.168059789676664
6.1481432685822845
6.359089659629053
6.35918367682981
6.1716413366257905
6.243195302225986
6.082307568866048
6.229554542748263
6.3234988737963365
6.199385921157472
6.211233166842175
6.354077251341828
6.199490127412914
6.151954789329753
6.228277336173397
6.104458579185817
6.207660118995529
5.9075154961768295
6.143746495675613
6.085783355654139
6.10563261160517
6.15642191371288
6.158647078256593
6.111877958428998
6.15524775707025
6.088826607919641
6.195557269827942
6.19176227540493
6.01791046157835
6.072021346565306
5.948873185986015
6.002564706391846
5.882268868185943
6.1177533255175245
6.093539514888022
6.028585187846337
6.189315063556225
5.876176426479071
6.151427273315664
6.188843293413116
5.885468012133356
5.8504450576569
5.9399674654159735
6.058363728678624
6.028603978117799
