1.8293617108817828
1.83180072202838
1.751179409837548
1.8331739623841488
1.8885428598344474
1.889288623918088
1.9356484361256212
1.9408645002803142
1.9963284977657558
1.9897879679673354
1.9775545242148267
2.0600422215642133
2.033778279908654
2.0130491021417303
2.019973359838289
2.042866924370314
2.102694218747359
2.127412754659955
2.174525129314393
2.121616755106838
2.1944139104510256
2.233045064265342
2.2395525694950793
2.274207739756418
2.2376301489590973
2.194979232476393
2.2891096494270213
2.2520702249820523
2.3170872665235316
2.3656534985412083
2.412507099785012
2.301922183284716
2.3934536445867405
2.4772742339104155
2.5011994362592955
2.487309994960797
2.4409516019683486
2.377635927621465
2.369198529358673
2.5094158560676023
2.5610543725027517
2.5377288488197673
2.582313669039878
2.6460406876325075
2.685589182579355
2.633960516132476
2.6016847656641615
2.731235337073424
2.715787098872925
2.718226110193156
2.637604798158958
2.71959935087931
2.7749682484974896
2.7757140127546838
2.8220738251301674
2.827289889458498
2.882753887117384
2.876213357486911
2.863979912856833
2.9464676093571796
2.9202036668240887
2.8994744881793886
2.906398745083595
2.929292308737997
2.989119602265839
3.013838137300976
3.060950511106225
3.00804213602107
3.0808392904876754
3.1194704434529292
3.125977947805057
3.1606331172170243
3.124055525542361
3.081404608182151
3.175535024340076
3.1384955990177406
3.2035126397098255
3.252078870849988
3.298932471076545
3.188347553525286
3.2798790137762905
3.3636996020827574
3.3876248033806453
3.373735361064885
3.3273769670213493
3.264061291623407
3.2556238923772503
3.3958412182043585
3.447479733785959
3.424154209221239
3.468739028587774
3.5324660462984667
3.572014540363648
3.520385873063235
3.488110121713075
3.6176606922688435
3.6022124531865494
3.6046514636247524
3.5240301507940988
3.6060247026325705
3.6613935993972833
3.662139362772598
3.708499174294676
3.71371523774109
3.769179234518009
3.7626387040341163
3.7504052595732693
3.8328929562373073
3.806629013873398
3.7858998353979807
3.7928240924550334
3.8157176562785433
3.875544949970144
3.9002634851744844
3.9473758591433534
3.8944674842404545
3.9672646388893478
4.005895792030861
4.012403296565257
4.047058466153636
4.01048087466107
3.967829957483052
4.061960373805571
4.024920948665458
4.0899379895339125
4.138504220856326
4.185357821259229
4.074772903890096
4.166304364323307
4.2501249528062015
4.274050154286219
4.2601607121468765
4.213802318285479
4.150486643069835
4.142049243994004
4.282266569834284
4.333905085428504
4.310579560876738
4.355164380255956
4.418891397979712
4.458439892057759
4.406811224770007
4.374535473432847
4.504086044001267
4.488637843417914
4.4910768923550775
4.410455614297835
4.492450204635132
4.547819138656889
4.548564940531203
4.594924789310386
4.6001408912558
4.655604926531733
4.649064433304921
4.636831027342932
4.719318761264075
4.693054857399152
4.672325717422702
4.679250009253025
4.702143611575476
4.761970942524168
4.786689516227486
4.833801927453469
4.780893591036396
4.853690784171317
4.892321974557298
4.898829517577619
4.933484724410474
4.896907171403903
4.854256292711799
4.948386743795895
4.911347357141655
4.976364435254598
5.026352418224034
5.074581907317623
4.965418741595577
5.058371953675771
5.143568430849303
5.16891538397646
5.156401830527715
5.111465188313403
5.049571264744722
5.042463891403334
5.184102968890552
5.237117373175475
5.215213600270742
5.261174308340629
5.326323077711395
5.367293323436549
5.317040544839433
5.286186545149309
5.417113004408405
5.403086516986141
5.4069472790844
5.327610129043612
5.411026432542018
5.467771218009962
5.469938733045408
5.5176744332707415
5.524312248377202
5.581197996814276
5.582374800878769
5.578115935451215
5.668320966663687
5.650031603333131
5.637277003891044
5.6514041065266305
5.682272249383497
5.749816877623518
5.782509991861212
5.837339700378526
5.7924059044958325
5.87317763816512
5.919526125842468
5.9340082093972
5.976380713521369
5.9477777010491595
5.9131013628914495
6.014434624780768
5.985369778660942
6.058104154065209
6.1146449644079555
6.169215899346661
6.066605560997883
6.166111600451375
6.257649523470082
6.289549303970497
6.283377196366893
6.2449933815258385
6.189652285330512
6.190974209262064
6.341623914868648
6.4033582818497194
6.390465137064386
6.445145807830411
6.519305205320542
6.5692860791650665
6.527753263264155
6.505909891693414
6.645556313648647
6.640540454345761
6.653411844563398
6.582213326372374
6.674640257990133
6.740105006154276
6.751283149309063
6.807738812230587
6.8233872554563915
6.889283632012845
6.892838952928398
6.89103788824694
6.983621436310424
6.9677898737259305
6.957493075029951
6.973840126726493
7.007166070329432
7.0770892154205
7.112240130404276
7.175441334015121
7.139158083062425
7.2285803616617
7.283300344432567
7.306432972917322
7.357176972134987
7.337224504592755
7.311198711365024
7.420345368675003
7.399931067485156
7.481036937982958
7.546228293255696
7.6091707232879475
7.515210929869146
7.623367514252609
7.723276932364861
7.76382725779526
7.766026645285196
7.736293375374131
7.689602824108762
7.696717960341443
7.8535604101319025
7.921287755355485
7.914587354754053
7.975261003762575
8.055613145436602
8.111786763465012
8.076246925806618
8.060596298419805
8.206408096844207
8.207763126559465
8.227005405795268
8.161561238975477
8.260359059611407
8.331989184244717
8.349538216417672
8.412159255808385
8.43417858805234
8.50644585362697
8.516166551011677
8.520736375348402
8.619485299881052
8.610024626314695
8.606098716636884
8.628200119704667
8.667896952325751
8.743985473886001
8.785507277887953
8.84888087972549
8.812775773607019
8.902376197040548
8.957268578038107
8.980579351357093
9.031495748801449
9.011721426093468
8.985873777699974
9.095181340021576
9.07494518366595
9.15622345456971
9.221592956928616
9.284707787366838
9.19092614103419
9.299260872503822
9.399342691022088
9.44007116353864
9.442442951434506
9.412887828609614
9.366375424430421
9.373657214388883
9.530677811265504
9.598577556895027
9.59205530337977
9.652901352794265
9.733431641554436
9.789783406669025
9.754415969416607
9.73894348911596
9.88475528971962
9.886110321686806
9.905352603174572
9.839908438388722
9.938706261276572
10.010336388089195
10.027885422514068
10.090506464084008
10.112525798579881
10.18479306573611
10.194513764651463
10.199083590569778
10.29783251663301
10.288371844648257
10.284445936552087
10.306547341048383
10.346244175251128
10.42233269834197
10.463854503925486
10.527228107293626
10.49112300275679
10.580723427771872
10.63561581030001
10.658926585200678
10.709842984175596
10.690068663049196
10.664221016237299
10.773528579987467
10.753292425213429
10.83457069546852
10.899940197157106
10.963055026946678
10.86927337994365
10.977608110743027
11.077689928612562
11.11841840045876
11.120790187706016
11.09123506421078
11.021108096900312
11.006298843929535
11.139704877674903
11.184751820274212
11.154615003627692
11.19260825001189
11.249523975640807
11.282261177624084
11.224040937341487
11.184953893909576
11.307912891482985
11.285653360318909
11.281281078675415
11.19450763106139
11.269690890817927
11.31846821460019
11.312402685893804
11.3521709244336
11.350575695798197
11.399228400493456
11.386096297027189
11.367051560484594
11.4429476841663
11.409872449720561
11.382331979163398
11.38310410143697
11.399186373178727
11.452422093887943
11.436711062358832
11.444698049166202
11.351360107516573
11.383727695419097
11.383233461386586
11.349311399174361
11.344841181588631
11.267834023349534
11.184753539424932
11.242366927718438
11.16489793583168
11.190789589526137
11.198926254101966
11.206654467330761
11.055639983215048
11.106741876901689
11.151437078210575
11.134932712944183
11.081917883630583
10.995129923022668
10.89138468106047
10.845126074383234
10.944913833476699
10.957426961896902
10.893671870598643
10.899131302803708
10.922428753780766
10.921547681112418
10.830793626650623
10.757940477566201
10.848222598701655
10.792196961884978
10.75405857458896
10.636786708966174
10.67820386307016
10.694304310414601
10.65447267605561
10.66156403815749
10.626202703869534
10.641089302912215
10.59528032300806
10.542469480812855
10.585688728056594
10.518847387958315
10.457540811748641
10.427814516013566
10.410130682102672
10.430689526373943
10.414830663844066
10.422674588392695
10.329188815742352
10.36140857264396
10.360771276352603
10.326701383139632
10.32208810329512
10.24493311405533
10.16170479912984
10.219184662648384
10.141567839974952
10.16731643161764
10.175305265406784
10.182890416583804
10.031728101681301
10.082682164581142
10.127234303838362
10.110582107785184
10.057424216419825
9.970488425025122
9.86659535227618
9.820198452282346
9.919838380589002
9.932208446957386
9.868305524872335
9.873621895025709
9.896771515216058
9.895742611760886
9.804845495247356
9.731992346376755
9.822274467719414
9.766248831116823
9.728110444034613
9.610838578605282
9.652255732923228
9.668356180474772
9.628524546329809
9.635615908638721
9.60025457619201
9.615141177076366
9.569332198954301
9.516521358600567
9.559740607626281
9.49289926936953
9.431592695001209
9.401866400929352
9.384182568859996
9.404741414913367
9.38888255422482
9.396726480555483
9.303240709746609
9.335460468489652
9.33482317398034
9.300753282609074
9.296140004546437
9.218985017147986
9.135756704064097
9.193236569245803
9.115619748199782
9.141368341417516
9.149357176834025
9.156942329586196
9.005780016310958
9.056734080838392
9.101286221670547
9.084634027244677
9.031476137454355
8.944589347915922
8.840745277023014
8.794394217475519
8.894083147638392
8.906500635158073
8.842646714929296
8.8480105062339
8.871209128280434
8.870229226681422
8.779379531319112
8.706575384304777
8.796904926798682
8.740928292052335
8.702838906826292
8.58561130113804
8.627077457312332
8.643225326015013
8.603442693726356
8.610581477186422
8.575269144968614
8.590204746081582
8.544443187535862
8.491681347410857
8.534948016012882
8.468155677984814
8.406898103845304
8.377216068044675
8.359581236204017
8.380189319608526
8.364381337516217
8.37227450119805
8.278839608985471
8.311110246324539
8.310522189166502
8.276503176391243
8.27193913567989
8.194835026877593
8.111657592389804
8.169183412433037
8.091617469982975
8.11741530055166
8.125455014564439
8.13308940466767
7.98197796998882
8.032982913112368
8.077584291295665
8.060982975465985
8.007874323026945
7.920989411855762
7.817147219330325
7.770797916965031
7.8704887254954565
7.882908030789993
7.819055988928574
7.824421598008298
7.8476220984221365
7.846644075190476
7.755796198491669
7.682993930763024
7.773325291920094
7.717350536459127
7.679263030518836
7.56203712224973
7.603505157709419
7.619654845075517
7.579874092072344
7.587014694195911
7.551704241263441
7.56664172166215
7.520881981779677
7.468122020940215
7.511390508205625
7.444600049463168
7.3833443546090045
7.3536640162276585
7.3360310636724195
7.356639147965498
7.340831166791372
7.348724331361682
7.255289440066787
7.287560078324229
7.286972022054736
7.252953010197579
7.248388970374667
7.171284862490573
7.0881074289208925
7.1456332506540585
7.068067310075608
7.093865142455668
7.1019048583398305
7.109539250253956
6.958427817446385
7.009432762441362
7.054034142435878
7.037432828477715
6.984324177849505
6.897439268549795
6.793597077896004
6.747247777281546
6.846938587683098
6.859357894788723
6.795505854798861
6.8008714656895215
6.824071967974681
6.823093946614441
6.732246070838397
6.659443804063068
6.74977516614252
6.693800411634836
6.655712906647978
6.538486999239869
6.579955035652967
6.5961047239416155
6.55632397189181
6.563464575269002
6.528154123632257
6.5430916053265085
6.497331866698094
6.444571907154198
6.4878403956734285
6.42104993822633
6.359794244667972
6.330113907456549
6.312480956197192
6.333089041744065
6.317281061865426
6.325174227689853
6.2317393376906765
6.264009977243623
6.263421922227824
6.229402911666458
6.224838873097238
6.147734766508747
6.064557334234356
6.122083156277023
6.044517216041014
6.070315048752101
6.07835476497843
6.08598915722401
5.934877724758796
5.985882670096247
6.03048405042171
6.013882736805868
5.96234951403302
5.877092546850559
5.774878298313426
5.7300519112922625
5.831370663811216
5.845365398772061
5.783141300899128
5.790082339645038
5.814910784047446
5.815560704804457
5.726288256883198
5.655113932225252
5.747020722159898
5.692673909769389
5.65621434689925
5.5404588388230485
5.583554817352976
5.601279933496802
5.56312712356423
5.571843154465439
5.538160644603703
5.554726068072566
5.51054175696785
5.4594097391986205
5.504253655242039
5.439091139569973
5.379463387786215
5.351253449597589
5.335248465765662
5.357432003661866
5.343251991210902
5.3527206093842725
5.260913686812975
5.294812293793598
5.295799691127085
5.263408647993077
5.260420061773381
5.184943922612451
5.103394457766163
5.162390702001684
5.086452729192873
5.1138260142531
5.123493697907305
5.132703542502212
4.983220077464515
5.035852990229555
5.082029822904676
5.067056476716399
5.015523278768806
4.930266337238934
4.828052114355105
4.783225751331798
4.884544529503373
4.898539289289654
4.836315217069567
4.843256280640749
4.868084750696071
4.882412019241837
4.806375714342361
4.748878737472977
4.854021670429451
4.8133522058279
4.790569990746942
4.6871682161574935
4.743941542476007
4.774902801641593
4.750427339497736
4.7723795134208
4.752374351347337
4.7826171226052905
4.75166895452242
4.7142142845424155
4.772294343606864
4.720809175723765
4.674858771729059
4.659002567026751
4.6566749053311485
4.692094561423428
4.691591871108724
4.714296607478144
4.636167007042649
4.6837429361594936
4.697966451689289
4.6792527306917115
4.689500262667954
4.627701445643163
4.5598293029326875
4.63117925748421
4.568918606811854
4.609528010068726
4.632873015858701
4.655318978649897
4.519512835748432
4.585823070649031
4.645236021520352
4.643939997468318
4.605642917716737
4.53406329832317
4.44552639757507
4.41349494880822
4.5284910491160995
4.55572192709829
4.507175177014367
4.527352358781583
4.565858150973038
4.580185419518657
4.504149114619476
4.44665213775005
4.551795070706469
4.5111256061047325
4.488343391023675
4.384941616434107
4.441714942753244
4.472676201918533
4.448200739774636
4.470152913697349
4.450147751624591
4.4803905228826855
4.4494423547992135
4.4119876848194535
4.470067743883907
4.418582576000594
4.372632172005955
4.356775967304029
4.3544483056080505
4.389867961700466
4.38936527138555
4.412070007755477
4.333940407319997
4.381516336436641
4.395739851966301
4.377026130968638
4.387273662945023
4.325474845920211
4.257602703209735
4.328952657761729
4.266692007089001
4.307301410345556
4.330646416135824
4.353092378926766
4.21728623602545
4.283596470926213
4.343009421797475
4.3417133977451075
4.303416317993765
4.231836698600309
4.143299797852143
4.111268349085223
4.226264449392922
4.253495327375192
4.204948577291436
4.225125759058943
4.263631551249813
4.27795881979594
4.201922514896407
4.1444255380268284
4.249568470983542
4.208899006381906
4.186116791301067
4.082715016711237
4.139488343030272
4.170449602195512
4.1459741400518295
4.167926313974571
4.147921151901684
4.178163923159546
4.1472157550765
4.109761085096118
4.167841144160935
4.116355976277742
4.0704055722830965
4.054549367581299
4.052221705885146
4.087641361977674
4.087138671662763
4.109843408032502
4.031713807596915
4.079289736713672
4.093513252243461
4.074799531245713
4.085047063222025
4.0232482461970065
3.955376103486802
4.026726058038172
3.964465407365993
4.005074810622719
4.02841981641277
4.05086577920356
3.9150596363020402
3.9813698712033667
4.040782822074582
4.039486798022537
4.001189718270901
3.929610098877211
3.8410731981292727
3.8090417493625783
3.9240378496699306
3.951268727652405
3.9027219775685884
3.922899159336101
3.9614049515271788
3.9757322200728886
3.8996959151737145
3.842198938303927
3.9473418712604524
3.9066724066589757
3.8838901915778274
3.7804884169883795
3.837261743307283
3.8682230024728397
3.843747540329095
3.865699714251375
3.845694552178458
3.87593732343634
3.8449891553534807
3.8075344853734583
3.865614544437973
3.814129376554631
3.768178972560175
3.752322767857948
3.7499951061619394
3.785414762254442
3.78491207193966
3.8076168083095188
3.729487207874241
3.7770631369908996
3.7912866525205255
3.7725729315228897
3.7828204634991227
3.7210216464742625
3.6531495037638035
3.724499458315476
3.662238807643096
3.7028482108997727
3.7261932166899463
3.748639179480936
3.6128330365794725
3.6791432714804744
3.738556222351315
3.737260198299096
3.69896311854797
3.6273834991543126
3.5388465984059407
3.50681514963914
3.6218112499471378
3.649042127929413
3.600495377845634
